	sog	SoxN	CG4500	CG34224	Atx-1	twi	pDsRed	ftz	ventrally-expressed-protein-D	slp1	trn	ths	Cyp310a1	sna	kek1	Antp	bxd	ImpL2	Ilp4	D
sog	0.0	0.0	0.0	0.0	0.0	0.0	0.0	0.0	0.0	0.0	0.0	0.0	0.0	0.0	0.0	0.0	0.0	0.0	0.0	0.0
SoxN	0.0	0.3145791902941364	0.0	0.0	0.0	0.0	0.0	0.0	0.0	0.0	0.0	0.14941227963410897	0.0	0.0	0.0	0.0	0.0	0.0	0.0	0.0
CG4500	0.0	0.0	3.198284541660295	0.3164384039298992	1.5532269599791924	3.216647628779997	0.0	0.0	3.5370825408109385	0.0	0.0	1.624580251292888	4.300131284003638	2.93755318846002	0.0	0.0	0.0	0.0	4.1002807438032285	0.0
CG34224	0.0	0.0	0.8629906442016665	2.0622811007805963	0.0	0.6742055869314907	0.0	0.0	1.0663386811230233	0.0	0.0	0.9831839927499701	0.8929199864034059	0.5432027385190826	0.0	0.0	0.0	0.0	1.0664164391105926	0.0
Atx-1	0.0	0.0	2.311703202735271	0.0	0.0	2.8129933669917677	0.0	0.0	3.3943364892403696	0.0	0.0	0.0	3.0842961570472722	2.281140442249734	0.0	0.0	0.0	0.0	3.533653547284029	0.0
twi	0.0	0.0	2.343609464481421	0.28768474142203404	1.3157015414445976	3.2327861328610674	0.0	0.0	3.2059157472016513	0.0	0.0	0.6302868383759521	3.79951695794859	3.136565222203761	1.036684469505624	0.0	0.0	0.0	4.421897079808778	0.0
pDsRed	0.0	0.0	0.0	0.0	0.0	0.0	0.0	0.0	0.0	0.0	0.0	0.0	0.0	0.0	0.0	0.0	0.0	0.0	0.0	0.0
ftz	0.0	0.0	0.0	0.0	0.0	0.0	0.0	0.0	0.0	0.0	0.0	0.0	0.0	0.0	0.0	0.0	0.0	0.0	0.0	0.0
ventrally-expressed-protein-D	0.0	0.0	2.6263301696333294	0.2864790495677366	1.6091807938533331	3.2945250382853537	0.0	0.0	4.185688874737237	0.0	0.0	0.7454589824289404	4.683582683446032	3.0782126956945173	0.4856343459769019	0.0	0.0	0.0	4.899904331638682	0.0
slp1	0.0	0.0	0.0	0.0	0.0	0.0	0.0	0.0	0.0	0.0	0.0	0.0	0.0	0.0	0.0	0.0	0.0	0.0	0.0	0.0
trn	0.0	0.0	0.0	0.0	0.0	0.0	0.0	0.0	0.0	0.0	0.0	0.0	0.0	0.0	0.0	0.0	0.0	0.0	0.0	0.0
ths	0.0	1.0832622178939464	0.16977545842425146	0.8683944030609848	0.0	0.16153600180634453	0.0	0.0	0.31138733756793113	0.0	0.0	3.3800260784546987	0.0	0.19472568153225395	0.0	0.0	0.0	2.152664700550566	0.0	0.0
Cyp310a1	0.0	0.0	2.6377202130525763	0.9903860935279187	1.4171596278145213	2.803711388852368	0.0	0.0	3.041330803893142	0.0	0.0	0.0	4.053775443528858	2.7674389112366287	1.6951003235153985	0.0	0.0	0.0	3.95944407945447	0.0
sna	0.0	0.0	2.730939205144005	0.3205993283150888	1.2003437519432831	3.5988382708489657	0.0	0.0	3.830699172308341	0.0	0.0	0.9454190202901994	4.327564404765111	3.5887741751226474	0.9094472795808307	0.0	0.0	0.0	4.983159790904466	0.0
kek1	0.0	0.0	0.0	0.0	0.0	1.2400072799168615	0.0	0.0	1.3017333462954883	0.0	0.0	0.0	1.650371208076081	1.1157838869782468	3.7335739907615175	0.0	0.0	0.0	5.225799800875391	0.0
Antp	0.0	0.0	0.0	0.0	0.0	0.0	0.0	0.0	0.0	0.0	0.0	0.0	0.0	0.0	0.0	0.0	0.0	0.0	0.0	0.0
bxd	0.0	0.0	0.0	0.0	0.0	0.0	0.0	0.0	0.0	0.0	0.0	0.0	0.0	0.0	0.0	0.0	0.0	0.0	0.0	0.0
ImpL2	0.0	0.0	0.0	0.0	0.0	0.0	0.0	0.0	0.0	0.0	0.0	3.0784586679725643	0.0	0.0	0.0	0.0	0.0	2.684298796192719	0.0	0.0
Ilp4	0.0	0.0	2.0563078927530283	0.2323419428762757	1.2579518385418478	2.45996436455155	0.0	0.0	2.5210553951649004	0.0	0.0	0.0	3.0970781517696295	2.0503643551665363	1.1466670244104114	0.0	0.0	0.0	6.0764619859468585	0.0
D	0.0	0.0	0.0	0.0	0.0	0.0	0.0	0.0	0.0	0.0	0.0	0.0	0.0	0.0	0.0	0.0	0.0	0.0	0.0	0.0
